#0cm
380
379
381
378
379

#0.5cm
357
359
356
354
357

#1cm
338
338
341
347
341

#1.5cm
317
319
318
318
318

#2cm
300
298
298
302
300

#2.5cm
286
283
283
282
284

#3cm
268
271
267
268
268

#3.5cm
255
256
258
257
255

#4cm
243
243
245
243
243

#4.5cm
231
233
234
237
231

#5cm
220
221
217
219
220

#6cm
203
205
204
205
207

#7cm
190
193
196
191
193

#8cm
180
175
184
180
181

#9cm
169
172
173
167
168

#10cm
156
156
159
156
151

#12cm
139
144
138
140
138

#14cm
131
122
124
126
132

#16cm
114
116
115
117
115

#18cm
106
107
107
107
109

#20cm
98
99
99
99
99

#25cm
87
87
84
87
92
