# 0 cm
437
437
437
438
440

#0.5 cm
420
418
420
420
418

#1 cm
389
393
384
390
387

#1.5 cm
364
363
363
363
357

#2 cm
343
343
342
341
342

#2.5 cm
322
321
322
322
322

#3 cm
304
303
303
302
303

#3.5 cm
291
288
289
288
289

#4 cm
272
272
272
274
271

#4.5 cm
260
257
259
256
261

#5 cm
250
250
253
247
250

#6 cm
225
225
229
228
225

#7 cm
215
213
210
212
208
210
212

#8 cm
199
197
199
197
198

#9 cm
182
181
181
181
182

#10 cm
177
176
174
169
172

#12 cm
154
154
152
154
160

#14 cm
138
138
139
137
141

#16 cm
127
127
127
129
128

#18 cm
117
118
117
120
118

#20 cm
107
114
110
112
111

#25 cm
94
94
95
94
95
