#0cm
418
417
415
420
417

#0.5cm
403
404
405
403
402

#1cm
374
377
375
381
378

#1.5cm
357
355
354
361
354

#2cm
336
335
335
336
335

#2.5cm
321
321
326
322
321

#3cm
303
302
301
302
303

#3.5cm
286
285
286
286
286

#4cm
275
277
275
274
273

#4.5cm
265
263
263
262
267

#5cm
252
251
256
252
256

#6cm
237
236
238
232
239

#7cm
211
217
215
213
213

#8cm
199
203
202
201
202

#9cm
186
188
186
192
189

#10cm
179
181
180
182
184

#12cm
161
160
161
160
163

#14cm
146
146
145
144
146

#16cm
132
132
133
133
132

#18cm
125
124
125
120
125

#20cm
112
117
114
117
113

#25cm
100
102
103
98
100
