#0 cm
459
460
463
461
459

#0.5 cm
437
432
433
433
436

#1 cm
403
412
404
403
408

#1.5 cm
377
379
379
373
380

#2 cm
355
355
353
356
350

#2.5 cm
335
338
334
332
336

#3 cm
313
312
312
313
316

#3.5 cm
296
298
298
298
297

#4 cm
282
283
282
281
282

#4.5 cm
272
275
265
270
265

#5 cm
257
255
261
254
253

#6 cm
237
235
236
235
235

#7 cm
214
217
218
217
217
214
217

#8 cm
201
202
199
222
201

#9 cm
187
190
190
189
187

#10 cm
175
176
176
180
180

#12 cm
156
157
155
156
160

#14 cm
145
141
141
141
137

#16 cm
121
120
130
124
125

#18 cm
112
121
113
125
112

#20 cm
103
116
104
107
110

#25 cm
89
89
87
65
92
