#0cm
385
389
385
384
386

#0.5cm
366
369
368
370
370

#1cm
344
343
342
349
349

#1.5cm
326
326
325
327
325

#2cm
302
304
304
305
304

#2.5cm
288
291
287
289
289

#3cm
273
274
274
274

#3.5cm
257
262
256
258
260

#4cm
249
251
249
248
250

#4.5cm
238
238
240
237
239

#5cm
226
230
228
225
227

#6cm
207
217
211
211
213

#7cm
202
195
200
196
197

#8cm
185
184
186
182
187

#9cm
176
168
172
176
173

#10cm
161
160
160
162
165

#12cm
145
146
149
149
147

#14cm
133
129
130
128
129

#16cm
118
118
117
115
113

#18cm
110
105
108
109

#20cm
102
101
102
101
102

#25cm
88
81
82
82
86
