#0cm
388
391
389
389
389

#0.5cm
377
375
377
377
377

#1cm
357
356
357
357
354

#1.5cm
333
334
333
332
337

#2cm
313
314
318
320
315

#2.5cm
295
296
292
289
294

#3cm
283
284
286
284
283

#3.5cm
262
264
264
268
263

#4cm
251
254
252
252
255

#4.5cm
244
241
243
245
245

#5cm
233
235
232
232
234

#6cm
218
218
214
213
217

#7cm
200
201
199
202
200

#8cm
185
185
183
185
185

#9cm
173
172
175
175
175

#10cm
159
162
161
161
165

#12cm
146
146
146
150
146

#14cm
129
129
129
128
129

#16cm
120
118
120
117
117

#18cm
112
110
111
109
115

#20cm
103
102
102
103
101

#25
91
94
94
93
96
